17
0 201 187 201 103 151 202 270 234 260 114 141 133 111 130 212 75 
201 0 298 220 284 238 402 333 271 98 323 31 92 149 148 42 233 
187 298 0 99 91 60 104 58 61 324 201 232 253 307 203 310 117 
201 220 99 0 146 100 203 113 51 225 230 181 224 273 110 211 153 
103 284 91 146 0 46 124 165 128 338 110 217 236 218 223 295 28 
151 238 60 100 46 0 164 119 83 292 155 172 193 247 177 249 50 
202 402 104 203 124 164 0 146 167 428 118 336 357 323 307 414 113 
270 333 58 113 165 119 146 0 62 367 274 294 312 366 223 324 169 
234 271 61 51 128 83 167 62 0 276 280 232 275 324 161 262 133 
260 98 324 225 338 292 428 367 276 0 385 112 183 247 198 43 287 
114 323 201 230 110 155 118 274 280 385 0 264 247 251 238 342 45 
141 31 232 181 217 172 336 294 232 112 264 0 87 132 81 69 166 
133 92 253 224 236 193 357 312 275 183 247 87 0 54 169 171 196 
111 149 307 273 218 247 323 366 324 247 251 132 54 0 218 228 190 
130 148 203 110 223 177 307 223 161 198 238 81 169 218 0 149 165 
212 42 310 211 295 249 414 324 262 43 342 69 171 228 149 0 244 
75 233 117 153 28 50 113 169 133 287 45 166 196 190 165 244 0 
